1       2       1.21e-05
2       10      2.2e-06
3       42      1.8e-06
4       170     2.3e-06
5       842     5.3e-06
6       4234    6.3e-06
7       17098   1.31e-05
8       76618   1.87e-05
9       344394  3e-05
10      1628362 5.22e-05
11      6781386 8.27e-05
12      29757002        0.0001349
13      139448650       0.000219
14      624249802       0.0003504
15      2603045450      0.0005422
16      11902787146     0.0008502
17      54048948554     0.0012818
18      234354080586    0.0019829
19      1035413953866   0.0028896
20      4700621128522   0.0044791
21      21164277491530  0.0062648
22      91975794364234  0.0091397
23      409860278535498 0.0133451
24      1856235799454538        0.0187819
25      8161377477545290        0.0270824
26      35813272174919498       0.0380791
27      161900084249225034      0.0535382
28      719622324437923402      0.0787221
29      3176974474411878986     0.103891
30      14126352503740740426    0.14498
31      63307584520562065482    0.211154
32      280598335594284656970   0.296234
33      1241311977231892900938  0.395917
34      5556899185775245167178  0.54541
35      24855437163161295330122 0.698791
36      109530981660682780387146        0.937525
37      486929672606606703830858        1.26125
38      2181895047682142787188554       1.68156
39      9700650128880480899180106       2.26972
40      42920661596563434645370186      2.9792
41      191581551790389629445806922     3.98777
42      852603053247880308085274186     5.25966
43      3782562365802172480011677770    6.86292
44      16826582571835393914240135754   9.03723
45      75073169940348671897583309642   11.7655
46      333662410220600849491371272522  15.3776
47      1478434272896165031191526220106 19.9436
48      6583519184655897343965653827146 25.8895
49      29367026465905083827600523703882        34.0646
50      130283514221689501513278765650506       43.3131
51      579103858783826416423024115345482       55.6536
52      2583728450087753416356858759140938      71.5441
53      11489774181881634419785907347635274     92.4733
54      51008320404748702911822773382836810     117.552
55      227172344106960006715683238411230282    149.717
56      1010522696207284090447761157102923338   190.645
57      4489601724906644193455054604053525578   250.486
58      19972158143622807760668934727587892554  367.066
59      88899853103507240812348441873783259466  446.88
60      395678036651095661803362686337520720714 579.839
61      1758913213928601996342519235543360881994        689.884
62      7817560984277595747628082142950653817162        784.165
63      34789082276567451687544761005791256349514       977.055
64      154821021460578512080826144164151966571850      1215.62
65      688645907644862278357712153213451482531146      1521.52
66      3063107835107971669091966758759276559075146     1901.21
67      13626421310428636696510708375017125431497034    2369.45
68      60558085986846024104077402369388189717089098    2951.55
69      269439670595344471308831917133358070528654666   3668.97
70      1199167401016252223131138685684079495021847370  4555.52
71      5328759900700735382139988146006789611290776394  5649.11
72      23701313182871085902145228375956387575681525066 6991.48
73      105471544168307869773840965139249628335884007754        8738.14